fecha	objective	metric	first_metric_only	boost_from_average	feature_pre_filter	verbosity	seed	max_depth	min_gain_to_split	lambda_l1	lambda_l2	max_bin	num_iterations	force_row_wise	learning_rate	feature_fraction	min_data_in_leaf	num_leaves	parametro	iteracion
20220907 202635	binary	auc	TRUE	TRUE	FALSE	-100	455531	-1	0	0	0	31	165	TRUE	0.183654090579512	0.488781901041511	1276	819	0.789304531494892	1
20220907 202647	binary	auc	TRUE	TRUE	FALSE	-100	455531	-1	0	0	0	31	1578	TRUE	0.132930184299621	0.788137807277963	2297	597	0.773769089054348	2
20220907 202649	binary	auc	TRUE	TRUE	FALSE	-100	455531	-1	0	0	0	31	55	TRUE	0.226125925454835	0.620968131232075	755	240	0.792443753265012	3
20220907 202652	binary	auc	TRUE	TRUE	FALSE	-100	455531	-1	0	0	0	31	129	TRUE	0.248511191137368	0.53947914512828	1147	856	0.788421747490196	4
20220907 202656	binary	auc	TRUE	TRUE	FALSE	-100	455531	-1	0	0	0	31	413	TRUE	0.169879227313359	0.263879350956995	1588	118	0.781457460436057	5
20220907 202657	binary	auc	TRUE	TRUE	FALSE	-100	455531	-1	0	0	0	31	1	TRUE	0.0585520744844689	0.676309678854886	3972	491	0.5	6
20220907 202702	binary	auc	TRUE	TRUE	FALSE	-100	455531	-1	0	0	0	31	507	TRUE	0.139607279939082	0.728969520539977	2112	139	0.775926796047726	7
20220907 202702	binary	auc	TRUE	TRUE	FALSE	-100	455531	-1	0	0	0	31	1	TRUE	0.104610141718586	0.210460971214343	3488	330	0.5	8
20220907 202707	binary	auc	TRUE	TRUE	FALSE	-100	455531	-1	0	0	0	31	520	TRUE	0.242903860580991	0.368153417890426	2936	1015	0.757197566126396	9
20220907 202712	binary	auc	TRUE	TRUE	FALSE	-100	455531	-1	0	0	0	31	108	TRUE	0.0817529732512776	0.321552084863652	368	29	0.798175128168338	10
20220907 202715	binary	auc	TRUE	TRUE	FALSE	-100	455531	-1	0	0	0	31	234	TRUE	0.200645410689322	0.85631178568583	1862	723	0.778510143948555	11
20220907 202743	binary	auc	TRUE	TRUE	FALSE	-100	455531	-1	0	0	0	31	3919	TRUE	0.0235217465662572	0.966328263457399	2730	686	0.757900757951925	12
20220907 202743	binary	auc	TRUE	TRUE	FALSE	-100	455531	-1	0	0	0	31	1	TRUE	0.267006921528664	0.927182154275943	3648	312	0.5	13
20220907 202756	binary	auc	TRUE	TRUE	FALSE	-100	455531	-1	0	0	0	31	135	TRUE	0.0405981988245912	0.836889971548226	149	547	0.796118911046367	14
20220907 202758	binary	auc	TRUE	TRUE	FALSE	-100	455531	-1	0	0	0	31	49	TRUE	0.287274433142884	0.434029281220865	738	421	0.790682783225692	15
20220907 202809	binary	auc	TRUE	TRUE	FALSE	-100	455531	-1	0	0	0	31	1338	TRUE	0.0983474591797858	0.560389340831898	3109	922	0.756079814947466	16
20220907 202927	binary	auc	TRUE	TRUE	FALSE	-100	455531	-1	0	0	0	31	9999	TRUE	0.0100554321874261	0.67506874109368	2328	1024	0.770486084525591	17
20220907 202956	binary	auc	TRUE	TRUE	FALSE	-100	455531	-1	0	0	0	31	1863	TRUE	0.0100972146899825	0.636615903068069	955	454	0.790905905935086	18
20220907 203001	binary	auc	TRUE	TRUE	FALSE	-100	455531	-1	0	0	0	31	108	TRUE	0.119686454589107	0.23593396003895	367	742	0.79487974635406	19
20220907 203134	binary	auc	TRUE	TRUE	FALSE	-100	455531	-1	0	0	0	31	238	TRUE	0.124181917869829	0.374365916540866	0	321	0.787693627003461	20
20220907 203139	binary	auc	TRUE	TRUE	FALSE	-100	455531	-1	0	0	0	31	416	TRUE	0.0807612464563711	0.998713726645987	1307	10	0.788285259122285	21
20220907 203142	binary	auc	TRUE	TRUE	FALSE	-100	455531	-1	0	0	0	31	68	TRUE	0.139815081380975	0.654926928612404	511	589	0.796233606953073	22
20220907 203209	binary	auc	TRUE	TRUE	FALSE	-100	455531	-1	0	0	0	31	636	TRUE	0.0102774752229998	0.999437554685361	318	114	0.796362402935718	23
20220907 203238	binary	auc	TRUE	TRUE	FALSE	-100	455531	-1	0	0	0	31	874	TRUE	0.0101581776595956	0.47376976004876	388	281	0.798092921231571	24
20220907 203245	binary	auc	TRUE	TRUE	FALSE	-100	455531	-1	0	0	0	31	10	TRUE	0.299875068449293	0.772020124275414	60	1024	0.776005844177612	25
20220907 203302	binary	auc	TRUE	TRUE	FALSE	-100	455531	-1	0	0	0	31	955	TRUE	0.0150964431050819	0.555045456677247	734	10	0.79444601980119	26
20220907 203306	binary	auc	TRUE	TRUE	FALSE	-100	455531	-1	0	0	0	31	136	TRUE	0.0642358856114546	0.693039481606311	221	10	0.796426675418739	27
20220907 203325	binary	auc	TRUE	TRUE	FALSE	-100	455531	-1	0	0	0	31	556	TRUE	0.0107679627132023	0.999953987122378	396	952	0.796275602892456	28
20220907 203328	binary	auc	TRUE	TRUE	FALSE	-100	455531	-1	0	0	0	31	155	TRUE	0.145755749010667	0.415783349265184	1073	10	0.790533800485444	29
20220907 203333	binary	auc	TRUE	TRUE	FALSE	-100	455531	-1	0	0	0	31	166	TRUE	0.0785308483491876	0.420171514796594	693	1024	0.795146207444788	30
20220907 203339	binary	auc	TRUE	TRUE	FALSE	-100	455531	-1	0	0	0	31	793	TRUE	0.122244763016208	0.688093084625574	2741	1024	0.758323077110819	31
20220907 203407	binary	auc	TRUE	TRUE	FALSE	-100	455531	-1	0	0	0	31	1218	TRUE	0.0100653761030625	0.523894637087349	559	837	0.798345522787906	32
20220907 203411	binary	auc	TRUE	TRUE	FALSE	-100	455531	-1	0	0	0	31	188	TRUE	0.0675847050154017	0.986328537189807	724	758	0.792151855023744	33
20220907 203413	binary	auc	TRUE	TRUE	FALSE	-100	455531	-1	0	0	0	31	21	TRUE	0.299995783342569	0.474231999988969	355	58	0.791302016563564	34
20220907 203418	binary	auc	TRUE	TRUE	FALSE	-100	455531	-1	0	0	0	31	106	TRUE	0.0867040565472788	0.563803645061536	450	138	0.796421165489468	35
20220907 203514	binary	auc	TRUE	TRUE	FALSE	-100	455531	-1	0	0	0	31	6185	TRUE	0.0100111063194575	0.369894897447516	1923	697	0.780823415693344	36
20220907 203559	binary	auc	TRUE	TRUE	FALSE	-100	455531	-1	0	0	0	31	524	TRUE	0.0100521941904316	0.400514020018553	149	1024	0.798625994773677	37
20220907 203606	binary	auc	TRUE	TRUE	FALSE	-100	455531	-1	0	0	0	31	107	TRUE	0.0646330356874388	0.516654721041407	297	914	0.797598270277274	38
20220907 203654	binary	auc	TRUE	TRUE	FALSE	-100	455531	-1	0	0	0	31	773	TRUE	0.0100932358914177	0.200610188639166	167	87	0.7992814224668	39
20220907 203733	binary	auc	TRUE	TRUE	FALSE	-100	455531	-1	0	0	0	31	4663	TRUE	0.0100108735761166	0.867827728135624	1566	591	0.779897251755039	40
20220907 203809	binary	auc	TRUE	TRUE	FALSE	-100	455531	-1	0	0	0	31	852	TRUE	0.0100148821776595	0.343933163792135	269	589	0.799492024970013	41
20220907 203848	binary	auc	TRUE	TRUE	FALSE	-100	455531	-1	0	0	0	31	2265	TRUE	0.0102190571689717	0.200434558052769	618	252	0.799178559906909	42
20220907 203850	binary	auc	TRUE	TRUE	FALSE	-100	455531	-1	0	0	0	31	53	TRUE	0.207847105532804	0.201651194563599	577	12	0.796093917481672	43
20220907 203852	binary	auc	TRUE	TRUE	FALSE	-100	455531	-1	0	0	0	31	33	TRUE	0.268193760187228	0.999163533296994	566	10	0.79053470766054	44
20220907 203854	binary	auc	TRUE	TRUE	FALSE	-100	455531	-1	0	0	0	31	89	TRUE	0.299856807422504	0.716902930603459	1328	11	0.788378670083107	45
20220907 203941	binary	auc	TRUE	TRUE	FALSE	-100	455531	-1	0	0	0	31	4675	TRUE	0.0100168926891171	0.202662821714523	1266	108	0.790356177872734	46
20220907 204012	binary	auc	TRUE	TRUE	FALSE	-100	455531	-1	0	0	0	31	2095	TRUE	0.0103048703936167	0.200379719419748	817	770	0.795841397040255	47
20220907 204043	binary	auc	TRUE	TRUE	FALSE	-100	455531	-1	0	0	0	31	1310	TRUE	0.0100239549126654	0.200485635241417	486	1021	0.798459480791137	48
20220907 204113	binary	auc	TRUE	TRUE	FALSE	-100	455531	-1	0	0	0	31	688	TRUE	0.0101500182523162	0.775576155095556	252	955	0.797342481534792	49
20220907 211520	binary	auc	TRUE	TRUE	FALSE	-100	455531	-1	0	0	0	31	2759	TRUE	0.0100822755735099	0.200613898110677	0	905	0.787581080708645	50
20220907 211556	binary	auc	TRUE	TRUE	FALSE	-100	455531	-1	0	0	0	31	1033	TRUE	0.010333572156436	0.200264659367767	423	463	0.79844028341966	51
20220907 211600	binary	auc	TRUE	TRUE	FALSE	-100	455531	-1	0	0	0	31	31	TRUE	0.177302140400817	0.999612343591775	235	329	0.793313848462269	52
20220907 211633	binary	auc	TRUE	TRUE	FALSE	-100	455531	-1	0	0	0	31	1218	TRUE	0.0110829650655716	0.265557811160337	513	56	0.799802986207039	53
20220907 211710	binary	auc	TRUE	TRUE	FALSE	-100	455531	-1	0	0	0	31	2397	TRUE	0.0116350864618676	0.201678542528163	1152	1024	0.791541435953946	54
20220907 211715	binary	auc	TRUE	TRUE	FALSE	-100	455531	-1	0	0	0	31	298	TRUE	0.299824073962458	0.206330212680195	2074	890	0.777343303841347	55
20220907 211718	binary	auc	TRUE	TRUE	FALSE	-100	455531	-1	0	0	0	31	110	TRUE	0.299965125333645	0.200523087861064	1209	322	0.789626719518371	56
20220907 211728	binary	auc	TRUE	TRUE	FALSE	-100	455531	-1	0	0	0	31	321	TRUE	0.0381824960058783	0.320835278383328	554	518	0.799226969073123	57
20220907 211753	binary	auc	TRUE	TRUE	FALSE	-100	455531	-1	0	0	0	31	906	TRUE	0.0102129312492823	0.890058020448387	537	384	0.796375826911899	58
20220907 211814	binary	auc	TRUE	TRUE	FALSE	-100	455531	-1	0	0	0	31	361	TRUE	0.0254243778414484	0.303247628760873	230	197	0.798848544360216	59
20220907 211851	binary	auc	TRUE	TRUE	FALSE	-100	455531	-1	0	0	0	31	972	TRUE	0.0101702531279318	0.363566050737188	386	925	0.799010729034721	60
20220907 211854	binary	auc	TRUE	TRUE	FALSE	-100	455531	-1	0	0	0	31	83	TRUE	0.29959770831963	0.99920970522719	1213	451	0.787699765626896	61
20220907 211928	binary	auc	TRUE	TRUE	FALSE	-100	455531	-1	0	0	0	31	1199	TRUE	0.0101304275269211	0.405836876345451	180	10	0.799520094723754	62
20220907 212003	binary	auc	TRUE	TRUE	FALSE	-100	455531	-1	0	0	0	31	849	TRUE	0.0103004510494913	0.266607783729201	292	15	0.799402232455565	63
20220907 212013	binary	auc	TRUE	TRUE	FALSE	-100	455531	-1	0	0	0	31	387	TRUE	0.0503827581094561	0.200058189603225	571	17	0.798734209013654	64
20220907 212050	binary	auc	TRUE	TRUE	FALSE	-100	455531	-1	0	0	0	31	1292	TRUE	0.010138700753892	0.388925375000962	494	663	0.798638852284116	65
20220907 212136	binary	auc	TRUE	TRUE	FALSE	-100	455531	-1	0	0	0	31	598	TRUE	0.0100872626396291	0.548560168340104	194	515	0.798644073231786	66
20220907 212140	binary	auc	TRUE	TRUE	FALSE	-100	455531	-1	0	0	0	31	75	TRUE	0.182725265510919	0.296900134062749	168	10	0.794413351840663	67
20220907 212143	binary	auc	TRUE	TRUE	FALSE	-100	455531	-1	0	0	0	31	62	TRUE	0.208052401642341	0.998666192240909	557	1024	0.793857973194389	68
20220907 212217	binary	auc	TRUE	TRUE	FALSE	-100	455531	-1	0	0	0	31	1024	TRUE	0.0101854144478862	0.998305703001152	2	13	0.797762912277804	69
20220907 212310	binary	auc	TRUE	TRUE	FALSE	-100	455531	-1	0	0	0	31	437	TRUE	0.010005322161706	0.99974712038025	124	1022	0.795737923159117	70
20220907 212356	binary	auc	TRUE	TRUE	FALSE	-100	455531	-1	0	0	0	31	1477	TRUE	0.0103039027577848	0.308080321900641	102	12	0.800370444794666	71
20220907 212400	binary	auc	TRUE	TRUE	FALSE	-100	455531	-1	0	0	0	31	82	TRUE	0.231463719137159	0.303625170213347	535	1024	0.796468878003804	72
20220907 212404	binary	auc	TRUE	TRUE	FALSE	-100	455531	-1	0	0	0	31	195	TRUE	0.299683582612962	0.203663861020647	1438	1022	0.789414174023942	73
20220907 212439	binary	auc	TRUE	TRUE	FALSE	-100	455531	-1	0	0	0	31	638	TRUE	0.0102591664933647	0.909463030326654	108	20	0.798408099362911	74
20220907 212444	binary	auc	TRUE	TRUE	FALSE	-100	455531	-1	0	0	0	31	161	TRUE	0.201039822735227	0.201134969337303	936	1024	0.790655360733279	75
20220907 212557	binary	auc	TRUE	TRUE	FALSE	-100	455531	-1	0	0	0	31	435	TRUE	0.0100691275477294	0.508338554827419	90	87	0.797849291044873	76
20220907 212633	binary	auc	TRUE	TRUE	FALSE	-100	455531	-1	0	0	0	31	2146	TRUE	0.010854110925867	0.209517459014971	865	83	0.794076128021383	77
20220907 212637	binary	auc	TRUE	TRUE	FALSE	-100	455531	-1	0	0	0	31	39	TRUE	0.175359521774159	0.54996300815196	367	1024	0.794234022459615	78
20220907 212714	binary	auc	TRUE	TRUE	FALSE	-100	455531	-1	0	0	0	31	1479	TRUE	0.0100887040672359	0.284258154617919	540	356	0.799252561464674	79
20220907 212718	binary	auc	TRUE	TRUE	FALSE	-100	455531	-1	0	0	0	31	32	TRUE	0.231900228651177	0.322123873426105	432	516	0.795996613106538	80
20220907 212722	binary	auc	TRUE	TRUE	FALSE	-100	455531	-1	0	0	0	31	176	TRUE	0.299877536470049	0.503914062234467	1694	520	0.781197705346167	81
20220907 212818	binary	auc	TRUE	TRUE	FALSE	-100	455531	-1	0	0	0	31	1924	TRUE	0.0102022986702796	0.243187161981006	619	901	0.799108592719703	82
20220907 212824	binary	auc	TRUE	TRUE	FALSE	-100	455531	-1	0	0	0	31	93	TRUE	0.0951336952878847	0.999741819515397	109	11	0.795903250758678	83
20220907 212911	binary	auc	TRUE	TRUE	FALSE	-100	455531	-1	0	0	0	31	790	TRUE	0.010256376971781	0.292519238403663	254	1024	0.799135348237623	84
20220907 212914	binary	auc	TRUE	TRUE	FALSE	-100	455531	-1	0	0	0	31	71	TRUE	0.299944600743142	0.200062535588884	581	961	0.796367647657995	85
20220907 212918	binary	auc	TRUE	TRUE	FALSE	-100	455531	-1	0	0	0	31	101	TRUE	0.183550776935388	0.999889652326569	987	13	0.789518217400027	86
20220907 212925	binary	auc	TRUE	TRUE	FALSE	-100	455531	-1	0	0	0	31	498	TRUE	0.0904547675173482	0.200698238907104	1366	610	0.789067996237706	87
20220907 212928	binary	auc	TRUE	TRUE	FALSE	-100	455531	-1	0	0	0	31	29	TRUE	0.299964404445438	0.958365028920284	476	805	0.795496877105381	88
20220907 213006	binary	auc	TRUE	TRUE	FALSE	-100	455531	-1	0	0	0	31	773	TRUE	0.0102399005733008	0.485939808952572	311	1024	0.798728048881676	89
20220907 213051	binary	auc	TRUE	TRUE	FALSE	-100	455531	-1	0	0	0	31	662	TRUE	0.0100528290354085	0.440080412602644	216	818	0.799163607604794	90
20220907 213054	binary	auc	TRUE	TRUE	FALSE	-100	455531	-1	0	0	0	31	27	TRUE	0.299970860967099	0.644812909145921	576	842	0.792462191190267	91
20220907 213130	binary	auc	TRUE	TRUE	FALSE	-100	455531	-1	0	0	0	31	568	TRUE	0.010027677304431	0.99910756091023	231	581	0.796605801409327	92
20220907 213134	binary	auc	TRUE	TRUE	FALSE	-100	455531	-1	0	0	0	31	54	TRUE	0.151631115976179	0.893237088793358	410	23	0.795615718672506	93
20220907 213150	binary	auc	TRUE	TRUE	FALSE	-100	455531	-1	0	0	0	31	393	TRUE	0.0204738825516677	0.6358306283704	358	783	0.797541742940709	94
20220907 213249	binary	auc	TRUE	TRUE	FALSE	-100	455531	-1	0	0	0	31	672	TRUE	0.0100425484420496	0.332835750972203	151	465	0.798956494557385	95
20220907 213335	binary	auc	TRUE	TRUE	FALSE	-100	455531	-1	0	0	0	31	689	TRUE	0.011123277706576	0.317797255795551	147	24	0.798870600078485	96
20220907 213358	binary	auc	TRUE	TRUE	FALSE	-100	455531	-1	0	0	0	31	365	TRUE	0.0187944380338534	0.40408886762483	244	502	0.799592037026308	97
20220907 213445	binary	auc	TRUE	TRUE	FALSE	-100	455531	-1	0	0	0	31	238	TRUE	0.0201282808855667	0.201376609186153	74	72	0.796127569864146	98
20220907 213450	binary	auc	TRUE	TRUE	FALSE	-100	455531	-1	0	0	0	31	100	TRUE	0.0823260166997441	0.925855834157389	360	512	0.795704626285455	99
20220907 213500	binary	auc	TRUE	TRUE	FALSE	-100	455531	-1	0	0	0	31	302	TRUE	0.0428562205766173	0.677738098621473	511	1021	0.797508250836703	100
20220907 213554	binary	auc	TRUE	TRUE	FALSE	-100	455531	-1	0	0	0	31	818	TRUE	0.0101282683466407	0.238364111631287	206	531	0.798488599271009	101
20220907 213608	binary	auc	TRUE	TRUE	FALSE	-100	455531	-1	0	0	0	31	961	TRUE	0.104135288326468	0.200881440153792	1701	1024	0.78066940116626	102
20220907 213614	binary	auc	TRUE	TRUE	FALSE	-100	455531	-1	0	0	0	31	482	TRUE	0.299566866266765	0.999506295933651	2158	1015	0.775338442466921	103
20220907 213655	binary	auc	TRUE	TRUE	FALSE	-100	455531	-1	0	0	0	31	2872	TRUE	0.0110709037024229	0.99959028637265	1210	1004	0.788914706542096	104
20220907 213728	binary	auc	TRUE	TRUE	FALSE	-100	455531	-1	0	0	0	31	2378	TRUE	0.0100772842516778	0.800675142819386	1151	115	0.789263904643479	105
20220907 213733	binary	auc	TRUE	TRUE	FALSE	-100	455531	-1	0	0	0	31	107	TRUE	0.15408108592871	0.200324049699463	502	192	0.797242141178916	106
20220907 213809	binary	auc	TRUE	TRUE	FALSE	-100	455531	-1	0	0	0	31	1319	TRUE	0.0101232873577781	0.35365164822326	552	149	0.798978633541561	107
20220907 213850	binary	auc	TRUE	TRUE	FALSE	-100	455531	-1	0	0	0	31	2063	TRUE	0.0100679189799534	0.201681170024293	690	519	0.797092161484168	108
20220907 213926	binary	auc	TRUE	TRUE	FALSE	-100	455531	-1	0	0	0	31	1471	TRUE	0.0101920525940556	0.32707370760649	570	1023	0.799193384424864	109
20220907 213930	binary	auc	TRUE	TRUE	FALSE	-100	455531	-1	0	0	0	31	124	TRUE	0.299405802791439	0.997441199997975	1406	1022	0.786326342200985	110
20220907 213940	binary	auc	TRUE	TRUE	FALSE	-100	455531	-1	0	0	0	31	318	TRUE	0.0415040743361367	0.349055592284819	527	889	0.79849625260171	111
20220907 214046	binary	auc	TRUE	TRUE	FALSE	-100	455531	-1	0	0	0	31	510	TRUE	0.0100613924405887	0.669177658543527	102	589	0.797621441622795	112
20220907 214048	binary	auc	TRUE	TRUE	FALSE	-100	455531	-1	0	0	0	31	32	TRUE	0.299517462118158	0.999858051436299	835	1019	0.788503236819056	113
20220907 214217	binary	auc	TRUE	TRUE	FALSE	-100	455531	-1	0	0	0	31	9614	TRUE	0.0155556626591396	0.999555426647352	2088	712	0.776999431086589	114
20220907 214227	binary	auc	TRUE	TRUE	FALSE	-100	455531	-1	0	0	0	31	198	TRUE	0.0413702280119146	0.999289536973552	491	10	0.794729810715621	115
20220907 214341	binary	auc	TRUE	TRUE	FALSE	-100	455531	-1	0	0	0	31	5214	TRUE	0.0101749686825986	0.366704492271232	1409	1004	0.788506826810013	116
